/root/mcp-server/public/js/pages/administration.js missing: 34,39
/root/mcp-server/public/js/pages/approvals.js missing: 29,30,35,36
/root/mcp-server/public/js/pages/connect.js missing: 16,17,18,19,20,23,24,25,26,27,28,29,30,31,32,33,34,35,36,37,38,39,40,43,44,45,46,47,48,49,50,51,54,55,56,57,58,59,60,61,62,63,64,65,66,67,68,69,70,71,72,73,74,75,76,77,78,79
/root/mcp-server/public/js/pages/dashboard.js missing: 30,31,124,125
/root/mcp-server/public/js/pages/keys.js missing: 58,59,60,61,62,170,171,237,238,239,240,397,399,400,401,402,403,404,405,406,407,408,409,410,411,412,413,414,415,416,417,418,419,420,421,422,423,424,425,426
/root/mcp-server/public/js/pages/logs.js missing: 16,17,18,19,20,21,22,23,24,25,26,27,28,29,30,31,32,33,36,37,38,39,42,43,44,45,46,47,48,49,50,51,52,53,54,55,56,57,67,68,69,70,71,72,73,74,75,76,77,78,83,84,85,86,87,88,89,90,91,92,93,94,95,96,97,98,99,100,101,102,103,104,105,106,107,108,109,110,111,112,113,114,115,116,117,118,119,120,121,122,123,124,125,128,129,130,131,132,133,134,135,136,137,141,142,143,150,151,152,153,154,180,181,182,183,184,185,186,187,188,189,190,191,192,193,194,195,196,197,198,199,200,201,202,203,204,205,206
/root/mcp-server/public/js/pages/oauth.js missing: 31,32,33,34,35,36,37,38,91,92,93,105,106,107,251,252,253,254,255,256,257,258,259,260,261,262,263,264,265,266,267,268,269,270,271,272,273,274,275,276,277,278,279,280,281,282,283,284,285,286,287,288,289,290,291,292,293,294,295,296,297,298,299,300,301,302,303,304,305,306,307,308,309,310,311,312,313,334,335,340,341,388,389,390,391,397,398,399,400,409,410,414,415,416,417,418,419,420,421,422,423,424,437,438,439,440,441,442,443,444,445,446,447,448,449,450,451,470,471,472,473,479,480,481,482,483,484,485,486,487,488,489,490,491,492,493,494,495,496,497,498,499,500,501,502,503,504,505,506,507,508,509,510,511,512,513,514,515,516,517,518,519,520,521,522,523,524,525,526,527,528,529,537,538,539,540,541,542,543,544,545,546,547,548,549,550,551,552,553,554,555,556,557,558,559,560,561,562,638,639,640,641,642,643,644,645,646,647,648,649,650,651,652,653,654,655,656,657,658,659,660,661,662,663,664,665,666,667,668,669,670,671,672,673,674,675,676,677,678,679,690,691,692,693,694,695,696,697,698,699,700,703,704,705,706,707,708,709,710,711,712,713,714,715,716,717,718,719,720,721,722,723,724,725,726,727,728,729,730,731,732,733,734,735,736,737,738,739,740,741,744,745,746,747,748,749,750,751,752,753,754,755,756,757,758,759,760,761,762,763,764,765,766,767,768,769,770,771,772,773,774,775,776,777,778,779,780,781,782,783,784,785,786,787,788,789,790,791,792,793,794,795,796,797,798,799,800,801,802,805,806,807,808,809,810,811,812,813,814,815,816,817,818,819,820,821,822,823,824,825,826,827,828,831,832,833,834,835,836,837,838,839,840,841,842,843,844,845,846,847,848,849,850,851,852,853,854,855,856,857,858,859,860,861,862,863,864,865,866,867,868,869,870,871,872,873,874,875,876,877,878,879,880,881,882,883,884,885,886,887,888,889,890,891,892,895,896,897,898,899,900,901,902,903,904,905,906,907,908,909,910,911,912,913,914,915,916,917,918,919,920,1001,1002,1003,1004,1005
/root/mcp-server/public/js/pages/rollbacks.js missing: 24,25,112,113,114,115,116,117,118,119,120,121,122,123,124,125,126,127,128,129,130,131,132,133,134,135,136,137,138,139,140,141,142,143,144,145,146,147,148,149,150,151,152,153,154,155,156,157,158,159,160,161,162,163,164,165,166,167,168,169,170,171,172,173,174,175,176,177,178,179,180,181,182,183,184,185,186,187,188,189,190,191
/root/mcp-server/public/js/pages/sessions.js missing: 18,19,20,22,23,63,64,123,124,125,126,127,162,163
/root/mcp-server/public/js/pages/ssh-access.js missing: 12,13,14,80,81,82,83,84,85,86,87,88,89,90,91,92,93,94,95,96,97,98,99,100,101,102,103,104,105,106,107,108,109,110,111,112,113,114,115,116,117,118,119,120,121,122,123,124,188,189,196,197,198,199,200,201,202,212,213,214,215,216,226,227,228,229,230,231,254,255,256,257,267,268,269,270,323,325,327,328,330,331,332,333,334,335,336,337,379,380,381,382,383
/root/mcp-server/public/js/pages/teams.js missing: 9,10,11,12,13,32,33,34,35,36,37,38,39,40,41,42,43,44,45
/root/mcp-server/public/js/pages/workflows.js missing: 34,35
